# H0 A_planck calib_100T calib_217T A_cib_217 xi_sz_cib A_sz ksz_norm gal545_A_100 gal545_A_143 gal545_A_143_217 gal545_A_217 ps_A_100_100 ps_A_143_143 ps_A_143_217 ps_A_217_217 galf_TE_A_100 galf_TE_A_100_143 galf_TE_A_100_217 galf_TE_A_143 galf_TE_A_143_217 galf_TE_A_217
8.544765516320407608e-03 -8.097394469197324710e-06 8.396584410742864822e-07 1.337119557354949136e-06 3.142368392968112462e-02 2.618873439638026799e-04 -6.853856485175230037e-03 1.563859512159204018e-02 -4.787916540778786034e-03 -2.503898930395755725e-03 -9.244728876553897842e-03 -3.570433282342976716e-02 8.489132212279427991e-02 4.195824836050605910e-02 1.722454005752398903e-02 -2.310412124941125731e-02 1.621150579857136992e-04 8.745215986374019494e-05 -1.518752816332513526e-04 -1.024395791150380553e-04 1.393880331244033135e-04 2.311425087888115820e-04
-8.097394469197324710e-06 5.114040855542643555e-07 -6.294150423162994354e-08 6.709734618506860882e-09 8.465523174468126332e-04 -2.272964418726844795e-05 -4.714256573662536286e-05 4.287483202576498355e-04 1.176922096502391153e-04 2.914804217861458263e-04 2.609272601183714943e-04 1.429842686305368672e-04 2.994549121455491927e-03 -1.747507154516585485e-04 -1.138030912779027220e-03 -1.663878709526234352e-03 2.482181023858349745e-07 -5.677172808434305002e-07 2.229273898261967764e-06 -1.085128928599133832e-06 -4.085476769417933049e-07 2.434145684295498279e-06
8.396584410742864822e-07 -6.294150423162994354e-08 3.984266371725040085e-07 -4.770898153603349260e-09 -3.555600258474247771e-04 1.356216106455965896e-05 1.389046435777871154e-04 -1.326762371413628091e-04 1.557957354231850726e-04 -2.044576361212499245e-04 1.061021702817116589e-05 2.058343364626577651e-04 3.419531053673813617e-03 1.543737356033576531e-04 7.131788654692829046e-04 6.323076130200429605e-04 3.542449130717028829e-07 8.995099366353118396e-08 2.285676047924564861e-06 7.693226598681609334e-08 6.792328756315244999e-07 3.137589929161272142e-06
1.337119557354949136e-06 6.709734618506860882e-09 -4.770898153603349260e-09 3.687656974783546514e-07 5.743902361715852532e-04 5.597887820834810772e-06 6.455914499302132912e-07 -2.517226877171073758e-05 1.027367806634606235e-05 1.326843221320928295e-05 4.788982418909521551e-04 1.029031445222504827e-03 -6.180046112187726577e-05 5.652595541411862694e-06 -2.402747998805100096e-04 -1.161564229350673348e-03 -1.211793091111447370e-07 8.266320166548530748e-07 1.864000538428680524e-06 8.439027820315275321e-07 2.473684271391502375e-07 7.205492796946331468e-07
3.142368392968112462e-02 8.465523174468126332e-04 -3.555600258474247771e-04 5.743902361715852532e-04 3.919355974948076238e+01 -3.537251626416010875e-01 1.229538272285123773e-02 -2.213996662256363379e+00 -3.695499823446786181e-01 4.686236086785695032e-01 -5.218034835115814118e+00 -2.883998166193514834e+01 2.475169301628836394e+01 -8.704229760544262007e-01 -1.053199791117896567e+01 -4.694440745823535366e+01 -4.995501356635200819e-03 3.425239603477112527e-03 1.637263485128840831e-02 1.195765740652827286e-02 -4.818654967970793269e-03 -1.890664849554550900e-02
2.618873439638026799e-04 -2.272964418726844795e-05 1.356216106455965896e-05 5.597887820834812466e-06 -3.537251626416010875e-01 7.724152267892472890e-02 -9.165026559651051619e-02 1.177723811304569046e-01 3.032443453985148637e-03 4.259217517964378023e-03 6.280514277961851688e-02 9.133269978730179650e-02 1.283071000170688813e-01 9.050920702247515770e-01 1.469262256432543712e+00 5.052057227111965698e-01 7.451707082599252322e-05 8.103799641404974344e-05 -1.088420494359270199e-03 -3.546122356908838823e-04 -3.462282205035856523e-05 2.593991231337061405e-04
-6.853856485175230037e-03 -4.714256573662536286e-05 1.389046435777871154e-04 6.455914499302132912e-07 1.229538272285123773e-02 -9.165026559651051619e-02 4.048556434460988562e+00 -3.103036337833474434e+00 -1.812352787867354265e-01 1.560973860478990782e-01 2.743263670568844237e+00 3.218439374858514945e+00 -2.918135333485209060e+01 -3.106065191771370415e+00 6.972762926244651105e+00 5.117612037688252791e+00 -4.102110713869797434e-03 -3.342026403259672402e-04 5.585559575578226063e-03 1.254232728025176258e-03 6.520622764610612028e-04 7.102363468969160806e-03
1.563859512159204018e-02 4.287483202576498355e-04 -1.326762371413628091e-04 -2.517226877171073758e-05 -2.213996662256363379e+00 1.177723811304569046e-01 -3.103036337833474434e+00 6.605867747778176202e+00 1.948821689469132368e-01 -4.057528957841110007e-01 -2.795279113448304376e+00 -2.435525047505672447e+00 8.850474709000542006e+00 -7.252677879643418812e+00 -1.205114798373643659e+01 -8.357069690175842780e+00 4.072681978952220373e-03 1.294142370678166192e-03 -1.938995758553228475e-03 -3.736503004146739335e-04 -3.372401541205874843e-04 -5.559932998062039333e-03
-4.787916540778786034e-03 1.176922096502391153e-04 1.557957354231850726e-04 1.027367806634606235e-05 -3.695499823446786181e-01 3.032443453985148637e-03 -1.812352787867354265e-01 1.948821689469132368e-01 3.279196773294591694e+00 6.106572604659642467e-01 4.355601291622599458e-01 8.928003017719875478e-01 -5.417007389175918952e+00 -3.862565841925459376e-01 -6.407484848414194412e-01 -5.447527933016590995e-02 2.472517960301460777e-03 3.845474516079258089e-04 7.647998447185140082e-03 -1.841898883597814507e-03 -1.384954904018028711e-03 8.558060688680939679e-03
-2.503898930395755725e-03 2.914804217861458263e-04 -2.044576361212499245e-04 1.326843221320928295e-05 4.686236086785695032e-01 4.259217517964378023e-03 1.560973860478990782e-01 -4.057528957841110007e-01 6.106572604659642467e-01 3.228699856816285241e+00 2.852465118634711860e+00 3.080256615684574317e+00 6.045543592239472908e+00 -1.600374309345505175e+00 -8.686912608937328306e-01 -8.844402391405390418e-01 8.048637562163051332e-04 -9.188453787872523804e-04 -1.977047010579198547e-03 -4.323117720286860990e-03 -4.058332023895081658e-03 9.283643450516441270e-03
-9.244728876553897842e-03 2.609272601183714943e-04 1.061021702817116589e-05 4.788982418909521551e-04 -5.218034835115814118e+00 6.280514277961851688e-02 2.743263670568844237e+00 -2.795279113448304376e+00 4.355601291622599458e-01 2.852465118634711860e+00 1.067003476243850280e+01 1.881832996335654329e+01 -1.118090075795812943e+01 2.966506601774721030e+00 4.302650181728197687e+00 5.759142256784762104e+00 -3.496601681604780652e-03 -2.491370009048857550e-05 6.063228610974994055e-03 7.284346170918050900e-04 -2.368823484100642321e-03 1.200389806134873061e-02
-3.570433282342976716e-02 1.429842686305368672e-04 2.058343364626577651e-04 1.029031445222504827e-03 -2.883998166193514834e+01 9.133269978730179650e-02 3.218439374858514945e+00 -2.435525047505672447e+00 8.928003017719875478e-01 3.080256615684574317e+00 1.881832996335654329e+01 4.926767091949302113e+01 -2.092445145023608077e+01 4.685042287114701054e+00 6.523414652661032598e+00 2.843139747835186526e+01 -2.201329638393929432e-03 1.673038670577618780e-03 -1.774259779525840181e-03 5.793191347069835163e-03 -7.058582060729200192e-03 -4.303342398011117918e-03
8.489132212279427991e-02 2.994549121455491927e-03 3.419531053673813617e-03 -6.180046112187726577e-05 2.475169301628836394e+01 1.283071000170688813e-01 -2.918135333485209060e+01 8.850474709000542006e+00 -5.417007389175918952e+00 6.045543592239472908e+00 -1.118090075795812943e+01 -2.092445145023608077e+01 7.000196520499069948e+02 6.417531605120203153e+01 -3.840251132167157522e+01 -4.790699824872028501e+01 1.987925467736119736e-02 -1.402844293083244445e-02 -3.065048852746579330e-02 -1.392667499076880727e-02 -5.301815045271237453e-02 7.569753802724513148e-02
4.195824836050605910e-02 -1.747507154516585485e-04 1.543737356033576531e-04 5.652595541411862694e-06 -8.704229760544262007e-01 9.050920702247515770e-01 -3.106065191771370415e+00 -7.252677879643418812e+00 -3.862565841925459931e-01 -1.600374309345505175e+00 2.966506601774719698e+00 4.685042287114701054e+00 6.417531605120203153e+01 5.834061721380479781e+01 3.960133869624765879e+01 1.869586101872103612e+01 4.925166209872513384e-03 7.873458762944321497e-04 -1.827665937870863802e-02 -6.743829306157963360e-03 7.088439825379480239e-03 -3.330849963973072682e-03
1.722454005752398903e-02 -1.138030912779027220e-03 7.131788654692829046e-04 -2.402747998805100096e-04 -1.053199791117896567e+01 1.469262256432543712e+00 6.972762926244651105e+00 -1.205114798373643659e+01 -6.407484848414194412e-01 -8.686912608937328306e-01 4.302650181728197687e+00 6.523414652661032598e+00 -3.840251132167157522e+01 3.960133869624765879e+01 7.679339955989485134e+01 4.931629801579669703e+01 -3.279038570070905590e-03 -1.649405056588031408e-03 -2.093575848023112446e-02 -1.487998921937197863e-02 4.739734591056820462e-03 4.484166013350438657e-02
-2.310412124941125731e-02 -1.663878709526234352e-03 6.323076130200429605e-04 -1.161564229350673348e-03 -4.694440745823535366e+01 5.052057227111965698e-01 5.117612037688252791e+00 -8.357069690175842780e+00 -5.447527933016590995e-02 -8.844402391405390418e-01 5.759142256784762992e+00 2.843139747835186526e+01 -4.790699824872028501e+01 1.869586101872103612e+01 4.931629801579669703e+01 9.171784060141320083e+01 3.676562173859853136e-03 -1.046038916848451156e-02 -2.093384916006872654e-02 -2.989165339170693492e-02 1.672592960610189833e-02 8.930490338533507433e-02
1.621150579857136992e-04 2.482181023858349745e-07 3.542449130717028829e-07 -1.211793091111447370e-07 -4.995501356635200819e-03 7.451707082599249611e-05 -4.102110713869797434e-03 4.072681978952220373e-03 2.472517960301460777e-03 8.048637562163051332e-04 -3.496601681604778918e-03 -2.201329638393929432e-03 1.987925467736119736e-02 4.925166209872513384e-03 -3.279038570070905590e-03 3.676562173859853136e-03 1.533555780030106943e-03 2.640141579085868921e-04 1.749246207014629054e-04 -4.781011283532272255e-04 -1.075903651708660577e-04 -7.274781080432125228e-05
8.745215986374019494e-05 -5.677172808434305002e-07 8.995099366353118396e-08 8.266320166548530748e-07 3.425239603477112527e-03 8.103799641404974344e-05 -3.342026403259672402e-04 1.294142370678166192e-03 3.845474516079258089e-04 -9.188453787872523804e-04 -2.491370009048826380e-05 1.673038670577618780e-03 -1.402844293083244445e-02 7.873458762944321497e-04 -1.649405056588031408e-03 -1.046038916848451156e-02 2.640141579085868921e-04 8.393103438806039096e-04 9.120250094170131321e-05 7.501183564886978582e-04 5.426740740105862900e-05 -8.421844571389885004e-04
-1.518752816332513526e-04 2.229273898261967764e-06 2.285676047924564861e-06 1.864000538428680524e-06 1.637263485128840831e-02 -1.088420494359270199e-03 5.585559575578226063e-03 -1.938995758553228475e-03 7.647998447185140082e-03 -1.977047010579198547e-03 6.063228610974990586e-03 -1.774259779525840181e-03 -3.065048852746579330e-02 -1.827665937870863802e-02 -2.093575848023112446e-02 -2.093384916006872654e-02 1.749246207014629054e-04 9.120250094170131321e-05 7.281441341316054888e-03 -2.625475641885487090e-04 7.168608461224702019e-04 4.705844353468205919e-03
-1.024395791150380553e-04 -1.085128928599133832e-06 7.693226598681609334e-08 8.439027820315275321e-07 1.195765740652827286e-02 -3.546122356908838280e-04 1.254232728025176258e-03 -3.736503004146739335e-04 -1.841898883597814507e-03 -4.323117720286860990e-03 7.284346170918037889e-04 5.793191347069835163e-03 -1.392667499076880727e-02 -6.743829306157963360e-03 -1.487998921937197863e-02 -2.989165339170693492e-02 -4.781011283532272255e-04 7.501183564886978582e-04 -2.625475641885487090e-04 2.886102000095570885e-03 3.880103898740608717e-04 -1.550013814644699180e-03
1.393880331244033135e-04 -4.085476769417933049e-07 6.792328756315244999e-07 2.473684271391502375e-07 -4.818654967970793269e-03 -3.462282205035856523e-05 6.520622764610612028e-04 -3.372401541205874843e-04 -1.384954904018028711e-03 -4.058332023895081658e-03 -2.368823484100641454e-03 -7.058582060729200192e-03 -5.301815045271237453e-02 7.088439825379480239e-03 4.739734591056820462e-03 1.672592960610189833e-02 -1.075903651708660577e-04 5.426740740105862900e-05 7.168608461224702019e-04 3.880103898740608717e-04 6.175821259450462591e-03 7.601557210382398240e-03
2.311425087888115820e-04 2.434145684295498279e-06 3.137589929161272142e-06 7.205492796946331468e-07 -1.890664849554550900e-02 2.593991231337061405e-04 7.102363468969160806e-03 -5.559932998062039333e-03 8.558060688680939679e-03 9.283643450516441270e-03 1.200389806134873234e-02 -4.303342398011117918e-03 7.569753802724511760e-02 -3.330849963973050130e-03 4.484166013350437963e-02 8.930490338533511596e-02 -7.274781080432133360e-05 -8.421844571389887173e-04 4.705844353468204184e-03 -1.550013814644699396e-03 7.601557210382399975e-03 6.712262713296435201e-02
