# N timestamp acceptance_rate Rminus1 Rminus1_cl
 840  2020-11-14T23:44:23.608120  0.83004  8.45541  NaN
 1680  2020-11-14T23:49:36.533362  0.900804  8.46762  NaN
 2520  2020-11-14T23:53:53.374090  0.923077  5.03897  NaN
 3360  2020-11-14T23:57:19.133137  0.932297  2.74781  NaN
 4200  2020-11-15T00:00:27.501573  0.938967  2.63803  NaN
 5040  2020-11-15T00:04:32.469747  0.942761  6.7637  NaN
 5880  2020-11-15T00:08:20.242482  0.942912  6.04817  NaN
 6720  2020-11-15T00:11:43.351863  0.9421  6.67903  NaN
 7560  2020-11-15T00:15:24.427130  0.941704  3.74492  NaN
 8400  2020-11-15T00:18:56.023014  0.941493  3.02554  NaN
 9240  2020-11-15T00:23:01.464212  0.940171  1.5284  NaN
 10080  2020-11-15T00:26:52.670142  0.938985  1.9172  NaN
 10920  2020-11-15T00:30:28.040057  0.937178  2.0451  NaN
 11760  2020-11-15T00:33:55.802343  0.937052  1.099  NaN
 12600  2020-11-15T00:37:48.884109  0.936524  0.967015  NaN
 13440  2020-11-15T00:41:45.013861  0.936129  1.30388  NaN
 14280  2020-11-15T00:50:28.723647  0.936087  0.418238  NaN
 15120  2020-11-15T01:01:13.905889  0.935701  0.266334  NaN
 15960  2020-11-15T01:12:28.328759  0.935577  0.21696  NaN
 16800  2020-11-15T01:21:52.969542  0.935516  0.287419  NaN
 17640  2020-11-15T01:25:24.559074  0.935362  0.52148  NaN
 18480  2020-11-15T01:28:38.505994  0.935365  0.684154  NaN
 19320  2020-11-15T01:32:18.419282  0.93514  0.50621  NaN
 20160  2020-11-15T01:35:55.952093  0.935325  0.479933  NaN
 21000  2020-11-15T01:39:44.454110  0.935579  0.339487  NaN
 21840  2020-11-15T01:43:35.797075  0.935252  0.163519  NaN
 22680  2020-11-15T01:47:16.694590  0.935412  0.144798  NaN
 23520  2020-11-15T01:51:11.729322  0.935561  0.109698  NaN
 24360  2020-11-15T01:55:01.576497  0.935699  0.0722068  NaN
 25200  2020-11-15T01:58:43.664022  0.935516  0.0412411  NaN
 26040  2020-11-15T02:02:38.863534  0.935345  0.059105  NaN
 26880  2020-11-15T02:06:18.643826  0.935933  0.0693991  NaN
 27720  2020-11-15T02:10:09.777277  0.934939  0.0632772  NaN
 28560  2020-11-15T02:14:10.325439  0.934708  0.0646911  NaN
 29400  2020-11-15T02:18:06.351607  0.934579  0.0574452  NaN
 30240  2020-11-15T02:21:58.611806  0.934631  0.0769478  NaN
 31080  2020-11-15T02:25:53.429382  0.934821  0.0862465  NaN
 31920  2020-11-15T02:29:43.185321  0.934891  0.102819  NaN
 32760  2020-11-15T02:33:22.128852  0.935252  0.0978529  NaN
 33600  2020-11-15T02:37:09.973805  0.935074  0.106419  NaN
 34440  2020-11-15T02:41:02.563539  0.93493  0.117253  NaN
 35280  2020-11-15T02:44:45.880234  0.934991  0.112477  NaN
 36120  2020-11-15T02:48:42.395617  0.934758  0.123237  NaN
 36960  2020-11-15T02:52:31.532551  0.935152  0.115223  NaN
 37800  2020-11-15T02:56:26.635472  0.935019  0.104466  NaN
 38640  2020-11-15T03:00:07.370595  0.935072  0.0928623  NaN
 39480  2020-11-15T03:04:03.141408  0.934593  0.0840894  NaN
 40320  2020-11-15T03:07:58.711301  0.934718  0.0917644  NaN
 41160  2020-11-15T03:11:47.809545  0.93469  0.0891862  NaN
 42000  2020-11-15T03:15:31.312888  0.934808  0.0934891  NaN
 42840  2020-11-15T03:19:16.815006  0.934881  0.0820331  NaN
 43680  2020-11-15T03:23:08.520052  0.934851  0.0630109  NaN
 44520  2020-11-15T03:26:56.806817  0.934352  0.0584753  NaN
 45360  2020-11-15T03:30:41.955768  0.934275  0.0659795  NaN
 46200  2020-11-15T03:34:25.939951  0.934372  0.0721845  NaN
 47040  2020-11-15T03:38:15.549431  0.934464  0.0609539  NaN
 47880  2020-11-15T03:42:02.614095  0.934554  0.0507948  NaN
 48720  2020-11-15T03:45:45.235441  0.934909  0.0409116  NaN
 49560  2020-11-15T03:49:35.474601  0.935094  0.0364091  NaN
 50400  2020-11-15T03:53:23.809874  0.935152  0.029507  NaN
 51240  2020-11-15T03:57:10.104055  0.935258  0.0288423  NaN
 52080  2020-11-15T04:01:08.035496  0.93516  0.0265272  NaN
 52920  2020-11-15T04:05:07.183338  0.935131  0.0286323  NaN
 53760  2020-11-15T04:09:01.978640  0.935038  0.0269494  NaN
 54600  2020-11-15T04:13:03.508166  0.934915  0.0213602  NaN
 55440  2020-11-15T04:16:53.867960  0.934844  0.0183037  NaN
 56280  2020-11-15T04:20:36.924896  0.93493  0.0221253  NaN
 57120  2020-11-15T04:24:25.823838  0.9348  0.0317427  NaN
 57960  2020-11-15T04:28:10.876346  0.934809  0.028815  NaN
 58800  2020-11-15T04:31:58.889699  0.934936  0.0303105  NaN
 59640  2020-11-15T04:35:50.716228  0.935119  0.0281696  NaN
 60480  2020-11-15T04:39:40.973420  0.935079  0.0245087  NaN
 61320  2020-11-15T04:43:27.816233  0.935155  0.0226452  NaN
 62160  2020-11-15T04:47:14.429782  0.935145  0.0271868  NaN
 63000  2020-11-15T04:50:49.906391  0.935079  0.0229973  NaN
 63840  2020-11-15T04:54:46.373677  0.934919  0.0224107  NaN
 64680  2020-11-15T04:58:35.101113  0.934858  0.0146771  NaN
 65520  2020-11-15T05:02:21.366386  0.934985  0.0136835  NaN
 66360  2020-11-15T05:06:13.761701  0.93499  0.0144039  NaN
 67200  2020-11-15T05:10:02.408670  0.935061  0.0144584  NaN
 68040  2020-11-15T05:13:52.722024  0.934782  0.017426  NaN
 68880  2020-11-15T05:17:41.425451  0.934663  0.0146756  NaN
 69720  2020-11-15T05:21:32.273029  0.93481  0.0195914  NaN
 70560  2020-11-15T05:25:23.641371  0.934867  0.0181681  NaN
 71400  2020-11-15T05:29:01.977154  0.934738  0.0191806  NaN
 72240  2020-11-15T05:32:58.657413  0.934637  0.0209316  NaN
 73080  2020-11-15T05:36:48.887612  0.934909  0.0232754  NaN
 73920  2020-11-15T05:40:44.793791  0.934702  0.0193872  NaN
 74760  2020-11-15T05:44:39.838518  0.93478  0.0114432  NaN
 75600  2020-11-15T05:48:26.342564  0.934776  0.0102224  NaN
 76440  2020-11-15T05:52:19.219210  0.934737  0.00920747  NaN
 77280  2020-11-15T05:56:06.749593  0.934835  0.00679958  0.0479883
